Day,Algorithm name,Visited nodes,Execution time,Actual cost, ,Algorithm name,Visited nodes,Execution time,Actual cost, ,Algorithm name,Visited nodes,Execution time,Actual cost,
1,DIJKSTRA,39,4321400,176.8, ,IDA*,49,119400,174.1, ,LRTA*,24,110400,982.7000000000002, 
2,DIJKSTRA,39,825900,215.75, ,IDA*,49,87900,205.4, ,LRTA*,106,465400,3219.3499999999995, 
3,DIJKSTRA,39,735800,207.0, ,IDA*,49,60900,207.0, ,LRTA*,5,22300,205.25, 
4,DIJKSTRA,39,614100,191.35, ,IDA*,49,61900,190.75, ,LRTA*,7,37200,306.75, 
5,DIJKSTRA,39,575100,200.0, ,IDA*,49,72200,188.0, ,LRTA*,7,29100,356.75, 
6,DIJKSTRA,39,546900,182.0, ,IDA*,49,65100,186.65, ,LRTA*,5,20900,182.0, 
7,DIJKSTRA,39,531300,207.7, ,IDA*,49,64800,180.2, ,LRTA*,5,24600,189.9, 
8,DIJKSTRA,39,518200,179.9, ,IDA*,49,19900,191.4, ,LRTA*,5,19700,179.9, 
9,DIJKSTRA,39,354900,202.75, ,IDA*,49,28700,202.75, ,LRTA*,5,20900,197.25, 
10,DIJKSTRA,39,340800,206.8, ,IDA*,49,43800,206.8, ,LRTA*,14,52500,427.75, 
11,DIJKSTRA,39,635700,182.15, ,IDA*,49,73500,195.15, ,LRTA*,6,44200,198.15, 
12,DIJKSTRA,39,510400,174.1, ,IDA*,49,20200,174.1, ,LRTA*,5,30900,175.9, 
13,DIJKSTRA,39,534000,174.3, ,IDA*,49,23700,178.95000000000002, ,LRTA*,5,31800,174.3, 
14,DIJKSTRA,39,447200,197.25, ,IDA*,49,22300,201.9, ,LRTA*,5,26700,197.25, 
15,DIJKSTRA,39,412000,202.9, ,IDA*,49,20600,202.9, ,LRTA*,5,19000,195.65, 
16,DIJKSTRA,39,565200,181.8, ,IDA*,49,46000,181.8, ,LRTA*,5,29200,182.0, 
17,DIJKSTRA,39,1298000,200.0, ,IDA*,49,60700,197.5, ,LRTA*,5,48000,200.0, 
18,DIJKSTRA,39,447500,192.0, ,IDA*,49,23900,192.0, ,LRTA*,5,31200,200.0, 
19,DIJKSTRA,39,474800,185.4, ,IDA*,49,34400,181.9, ,LRTA*,5,27100,184.4, 
20,DIJKSTRA,39,365800,205.25, ,IDA*,49,18500,207.5, ,LRTA*,5,22600,205.25, 
21,DIJKSTRA,39,469700,176.0, ,IDA*,49,18500,175.4, ,LRTA*,5,50400,189.1, 
22,DIJKSTRA,39,565100,203.85, ,IDA*,49,24500,204.5, ,LRTA*,5,22600,205.25, 
23,DIJKSTRA,39,500200,175.20000000000002, ,IDA*,49,18800,174.25, ,LRTA*,5,25800,174.3, 
24,DIJKSTRA,39,433100,205.25, ,IDA*,49,46700,205.55, ,LRTA*,5,25800,205.25, 
25,DIJKSTRA,39,1584800,185.45000000000002, ,IDA*,49,23000,199.4, ,LRTA*,5,23500,193.15, 
26,DIJKSTRA,39,900100,202.15, ,IDA*,49,25000,187.4, ,LRTA*,5,23600,175.9, 
27,DIJKSTRA,39,410700,180.8, ,IDA*,49,21800,178.1, ,LRTA*,5,23600,179.9, 
28,DIJKSTRA,39,611700,203.8, ,IDA*,49,23400,181.55, ,LRTA*,5,28500,193.9, 
29,DIJKSTRA,39,371000,204.75, ,IDA*,49,22200,174.65, ,LRTA*,5,21700,173.0, 
30,DIJKSTRA,39,507100,181.45, ,IDA*,49,22800,181.45, ,LRTA*,5,26400,175.9, 
31,DIJKSTRA,39,1322500,198.95000000000002, ,IDA*,49,35100,193.85, ,LRTA*,5,50800,195.65, 
32,DIJKSTRA,39,708600,182.55, ,IDA*,49,25300,181.55, ,LRTA*,5,37800,193.9, 
33,DIJKSTRA,39,335400,201.05, ,IDA*,49,18200,201.05, ,LRTA*,5,19000,197.25, 
34,DIJKSTRA,39,242600,179.7, ,IDA*,49,19400,179.7, ,LRTA*,5,19600,175.9, 
35,DIJKSTRA,39,551600,185.8, ,IDA*,49,21700,185.8, ,LRTA*,5,39000,186.0, 
36,DIJKSTRA,39,283200,175.9, ,IDA*,49,9600,181.65, ,LRTA*,5,11200,175.9, 
37,DIJKSTRA,39,163200,211.25, ,IDA*,49,9300,203.5, ,LRTA*,5,11000,211.25, 
38,DIJKSTRA,39,156800,195.55, ,IDA*,49,10100,197.55, ,LRTA*,5,28800,195.55, 
39,DIJKSTRA,39,177700,180.3, ,IDA*,49,8800,180.3, ,LRTA*,5,10800,174.3, 
40,DIJKSTRA,39,161700,218.3, ,IDA*,49,9800,218.3, ,LRTA*,5,17600,218.5, 
41,DIJKSTRA,39,159500,186.4, ,IDA*,49,8400,186.4, ,LRTA*,5,19800,180.4, 
42,DIJKSTRA,39,179400,223.10000000000002, ,IDA*,49,10600,206.8, ,LRTA*,5,11400,201.25, 
43,DIJKSTRA,39,173500,186.9, ,IDA*,49,9200,191.55, ,LRTA*,5,10900,200.0, 
44,DIJKSTRA,39,188500,203.65, ,IDA*,49,93800,199.15, ,LRTA*,5,26200,201.15, 
45,DIJKSTRA,39,396400,180.2, ,IDA*,49,17300,180.2, ,LRTA*,5,26000,175.9, 
46,DIJKSTRA,39,497500,203.25, ,IDA*,49,21700,203.25, ,LRTA*,5,22500,201.25, 
47,DIJKSTRA,39,547100,202.75, ,IDA*,49,27300,200.25, ,LRTA*,5,46100,202.75, 
48,DIJKSTRA,39,556000,197.3, ,IDA*,49,28800,197.3, ,LRTA*,5,46300,195.65, 
49,DIJKSTRA,39,482700,176.3, ,IDA*,49,28500,176.3, ,LRTA*,5,42900,189.9, 
50,DIJKSTRA,39,512300,199.45, ,IDA*,49,25600,199.45, ,LRTA*,5,45300,201.25, 
51,DIJKSTRA,39,374100,187.0, ,IDA*,49,16200,177.65, ,LRTA*,5,80900,187.0, 
52,DIJKSTRA,39,355200,200.95, ,IDA*,49,12900,200.95, ,LRTA*,5,38800,211.15, 
53,DIJKSTRA,39,148200,205.55, ,IDA*,49,10000,205.55, ,LRTA*,5,13000,215.25, 
54,DIJKSTRA,39,176700,180.2, ,IDA*,49,30900,180.2, ,LRTA*,7,16600,287.15, 
55,DIJKSTRA,39,408400,201.15, ,IDA*,49,51400,201.15, ,LRTA*,5,159300,215.25, 
56,DIJKSTRA,39,391700,186.0, ,IDA*,49,21100,191.75, ,LRTA*,5,110300,186.0, 
57,DIJKSTRA,39,328200,169.0, ,IDA*,49,21700,179.25, ,LRTA*,5,24500,169.0, 
58,DIJKSTRA,39,250200,183.7, ,IDA*,49,22600,183.7, ,LRTA*,5,26000,179.9, 
59,DIJKSTRA,39,133600,202.75, ,IDA*,49,9200,200.25, ,LRTA*,5,11800,202.75, 
60,DIJKSTRA,39,125200,171.6, ,IDA*,49,10200,175.0, ,LRTA*,5,10600,183.0, 
61,DIJKSTRA,39,122000,175.8, ,IDA*,49,10300,175.8, ,LRTA*,5,10700,188.3, 
62,DIJKSTRA,39,170000,185.15, ,IDA*,49,11300,177.4, ,LRTA*,5,11700,175.9, 
63,DIJKSTRA,39,196100,194.4, ,IDA*,49,12300,190.65, ,LRTA*,5,16600,194.4, 
64,DIJKSTRA,39,131800,218.8, ,IDA*,49,9500,211.1, ,LRTA*,5,25300,212.9, 
65,DIJKSTRA,39,143300,215.65, ,IDA*,49,10700,191.4, ,LRTA*,5,11600,193.9, 
66,DIJKSTRA,39,167300,218.5, ,IDA*,49,51300,218.3, ,LRTA*,5,13200,218.5, 
67,DIJKSTRA,39,143900,213.65, ,IDA*,49,8800,191.4, ,LRTA*,5,11800,179.9, 
68,DIJKSTRA,39,131200,175.5, ,IDA*,49,10600,175.5, ,LRTA*,5,12300,189.1, 
69,DIJKSTRA,39,127900,208.35, ,IDA*,49,10600,195.85, ,LRTA*,5,17300,208.35, 
70,DIJKSTRA,39,126800,188.70000000000002, ,IDA*,49,8500,188.70000000000002, ,LRTA*,5,10700,188.75, 
71,DIJKSTRA,39,120800,204.55, ,IDA*,49,11700,201.9, ,LRTA*,5,10600,199.65, 
72,DIJKSTRA,39,129500,195.65, ,IDA*,49,9800,195.45000000000002, ,LRTA*,5,10300,195.65, 
73,DIJKSTRA,39,154400,189.9, ,IDA*,49,14200,180.05, ,LRTA*,5,12200,189.9, 
74,DIJKSTRA,39,156900,195.35, ,IDA*,49,9300,195.35, ,LRTA*,5,13600,191.55, 
75,DIJKSTRA,39,261200,176.8, ,IDA*,49,34400,175.85, ,LRTA*,5,17000,189.9, 
76,DIJKSTRA,39,237000,225.25, ,IDA*,49,14400,218.9, ,LRTA*,5,17100,212.9, 
77,DIJKSTRA,39,144300,211.9, ,IDA*,49,9700,201.3, ,LRTA*,5,11900,211.15, 
78,DIJKSTRA,39,727600,179.9, ,IDA*,49,97900,187.4, ,LRTA*,5,67700,179.9, 
79,DIJKSTRA,39,319300,231.55, ,IDA*,49,29700,201.55, ,LRTA*,5,13000,209.65, 
80,DIJKSTRA,39,127000,209.65, ,IDA*,49,12200,205.9, ,LRTA*,5,10600,209.65, 
